41.40625
37.90625
36.65625
34.28125
27.421875
26.15625
23.90625
22.03125
15.6015625
13.46875
11.2734375
8.2734375
7.09765625
6.2734375
5.36328125
5.0
4.34765625
3.84375
3.455078125
3.08984375
2.8203125
2.66015625
2.228515625
1.8896484375
1.771484375
1.4892578125
1.462890625
1.3291015625
1.29296875
0.9677734375
1.4287109375
1.1728515625
1.0302734375
1.1923828125
1.0888671875
0.9345703125
0.96142578125
1.298828125
0.93408203125
0.97021484375
1.0361328125
0.916015625
0.9072265625
0.88232421875
0.8271484375
0.765625
1.0009765625
0.8330078125
0.87744140625
0.8369140625
0.87109375
0.74853515625
0.67333984375
0.69287109375
0.83154296875
0.74072265625
0.7607421875
0.70068359375
0.7490234375
0.6787109375
0.70361328125
0.8818359375
0.93994140625
0.72509765625
0.7421875
0.81787109375
0.8154296875
0.5556640625
0.78857421875
0.6298828125
0.62353515625
0.771484375
0.595703125
0.78955078125
0.60791015625
0.603515625
0.65576171875
0.5751953125
0.7138671875
0.65380859375
0.6904296875
0.6728515625
0.54150390625
0.6240234375
0.609375
0.63525390625
0.6298828125
0.501953125
0.533203125
0.55908203125
0.63671875
0.59375
0.65380859375
0.59033203125
0.6015625
0.5400390625
0.6826171875
0.56494140625
0.732421875
0.76123046875
0.859375
0.587890625
0.71533203125
0.75927734375
0.68310546875
0.71533203125
0.6611328125
0.65966796875
0.609375
0.6728515625
0.53271484375
0.61181640625
0.50927734375
0.646484375
0.6171875
0.56298828125
0.68017578125
0.77978515625
0.83349609375
0.6748046875
0.64404296875
0.74169921875
1.037109375
0.60009765625
0.55419921875
0.64208984375
0.59326171875
0.67333984375
0.849609375
0.56689453125
0.59912109375
0.5908203125
0.63720703125
0.65234375
0.5751953125
0.6416015625
0.60791015625
0.5595703125
0.74462890625
0.78271484375
0.6494140625
0.61767578125
0.677734375
0.68505859375
0.63232421875
0.60986328125
0.5595703125
0.6044921875
0.5869140625
0.62548828125
0.57568359375
0.560546875
0.70751953125
0.5615234375
0.6591796875
0.53662109375
0.5712890625
0.63134765625
0.59619140625
0.603515625
0.66845703125
0.5634765625
0.625
0.68896484375
0.62548828125
0.56396484375
0.654296875
0.67626953125
0.59326171875
0.68896484375
0.6357421875
0.7412109375
0.5703125
0.5205078125
0.65869140625
0.66650390625
0.66552734375
0.6318359375
0.5048828125
0.57275390625
0.67529296875
0.56787109375
0.6103515625
0.6298828125
0.5791015625
0.482177734375
0.77490234375
0.76513671875
0.55224609375
0.5244140625
0.56591796875
0.54150390625
0.62060546875
0.5078125
0.61279296875
0.6416015625
0.548828125
0.60986328125
0.5771484375
0.51611328125
0.45068359375
0.44189453125
0.53125
0.64404296875
0.61376953125
0.50146484375
0.53466796875
0.62841796875
0.640625
0.57763671875
0.61376953125
0.4541015625
0.488037109375
0.5712890625
0.62744140625
0.61181640625
0.5478515625
0.626953125
0.556640625
0.5302734375
0.5078125
0.46044921875
0.493896484375
0.6435546875
0.515625
0.5107421875
0.6005859375
0.5126953125
0.5546875
0.5380859375
0.487060546875
0.49658203125
0.50927734375
0.55712890625
0.454833984375
0.4619140625
0.58154296875
0.56787109375
0.464599609375
0.472900390625
0.52880859375
0.517578125
0.68701171875
0.6064453125
0.7041015625
0.5302734375
0.56298828125
0.64453125
0.861328125
0.48583984375
0.5224609375
0.537109375
0.58837890625
0.445068359375
0.5068359375
0.476318359375
0.6767578125
0.5048828125
0.45458984375
0.4140625
0.595703125
0.474853515625
0.54541015625
0.56884765625
0.458251953125
0.5029296875
0.51123046875
0.513671875
0.52490234375
0.439697265625
0.47705078125
0.52783203125
0.5732421875
0.47216796875
0.6005859375
0.442138671875
0.5634765625
0.6396484375
0.5078125
0.484619140625
0.54736328125
0.54833984375
0.4658203125
0.56591796875
0.48583984375
0.47705078125
0.496337890625
0.5693359375
0.51025390625
0.462890625
0.53076171875
0.59130859375
0.62744140625
0.5498046875
0.56884765625
0.6435546875
0.59228515625
0.4541015625
0.57275390625
0.49755859375
0.53955078125
0.546875
0.459716796875
0.54248046875
0.5
0.59521484375
0.489990234375
0.468017578125
0.54150390625
0.55078125
0.6328125
0.495849609375
0.469482421875
0.47607421875
0.51123046875
0.59619140625
0.483154296875
0.474609375
0.4326171875
0.51806640625
0.4677734375
0.564453125
0.473388671875
0.5009765625
0.48486328125
0.50634765625
0.431884765625
0.52978515625
0.61376953125
0.56884765625
0.5009765625
0.55810546875
0.53173828125
0.43701171875
0.58056640625
0.436279296875
0.52392578125
0.449462890625
0.60302734375
0.55859375
0.53662109375
0.5625
0.58154296875
0.47802734375
0.51123046875
0.52392578125
0.65673828125
0.53076171875
0.46435546875
0.4931640625
0.40087890625
0.481201171875
0.59521484375
0.47216796875
0.50439453125
0.5537109375
0.52001953125
0.56005859375
0.54052734375
0.51025390625
0.55126953125
0.483642578125
0.51416015625
0.463623046875
0.470458984375
0.50927734375
0.471435546875
0.5185546875
0.4541015625
0.5048828125
0.442626953125
0.468017578125
0.5302734375
0.5458984375
0.7919921875
0.6748046875
0.5341796875
0.68408203125
0.697265625
0.6318359375
0.388427734375
0.416015625
0.671875
0.50537109375
0.5869140625
0.490478515625
0.5439453125
0.5322265625
0.5732421875
0.60400390625
0.53515625
0.54150390625
0.5556640625
0.470458984375
0.5439453125
0.478759765625
0.55810546875
0.6044921875
0.64501953125
0.50439453125
0.6259765625
0.57470703125
0.5849609375
0.49658203125
0.56103515625
0.56689453125
0.517578125
0.5546875
0.5478515625
0.6455078125
0.53857421875
0.6083984375
0.54052734375
0.498046875
0.54296875
0.5634765625
0.481689453125
0.485107421875
0.59619140625
0.59716796875
0.505859375
0.51123046875
0.49072265625
0.444580078125
0.62841796875
0.5400390625
0.5146484375
0.5439453125
0.521484375
0.63720703125
0.68505859375
0.5478515625
0.51708984375
0.6181640625
0.4638671875
0.53515625
0.5244140625
0.5908203125
0.64306640625
0.46484375
0.5341796875
0.60986328125
0.495849609375
0.47802734375
0.5927734375
0.44775390625
0.623046875
0.53369140625
0.4814453125
0.4833984375
0.62744140625
0.6259765625
0.62060546875
0.45947265625
0.5205078125
0.42236328125
0.448974609375
0.640625
0.56591796875
0.5029296875
0.8251953125
0.68408203125
0.75439453125
0.65576171875
0.544921875
0.51025390625
0.5029296875
0.52392578125
0.65283203125
0.56884765625
0.546875
0.70849609375
0.587890625
0.58984375
0.62841796875
0.6962890625
0.55615234375
0.468017578125
0.595703125
0.580078125
0.472900390625
0.53515625
0.5908203125
0.54931640625
0.6435546875
0.54541015625
0.541015625
0.5966796875
0.529296875
0.59619140625
0.5439453125
0.56689453125
0.56005859375
0.54931640625
0.568359375
0.50634765625
0.55322265625
0.59423828125
0.497314453125
0.484619140625
0.5498046875
0.53564453125
0.4169921875
0.471923828125
0.55908203125
0.55810546875
0.5361328125
0.58837890625
0.53759765625
0.408203125
0.488037109375
0.54931640625
0.5615234375
0.40771484375
0.541015625
0.61865234375
0.595703125
0.59326171875
0.6181640625
0.50634765625
0.70263671875
0.55712890625
0.5771484375
0.5517578125
0.51806640625
0.5458984375
0.53125
0.591796875
0.485595703125
0.53369140625
0.5107421875
0.51611328125
0.5595703125
0.5263671875
0.53125
0.50732421875
0.5263671875
0.46435546875
0.4345703125
0.51220703125
0.51513671875
0.5322265625
0.51220703125
0.474853515625
0.56298828125
0.47119140625
0.53271484375
0.61669921875
0.49267578125
0.65380859375
0.476318359375
0.59912109375
0.48681640625
0.50634765625
0.5771484375
0.578125
0.42236328125
0.5263671875
0.56591796875
0.85107421875
0.9521484375
0.65234375
0.525390625
0.5859375
0.417724609375
0.54345703125
0.55615234375
0.46337890625
0.5029296875
0.5009765625
0.498046875
0.5263671875
0.5341796875
0.5234375
0.556640625
0.5791015625
0.50146484375
0.456787109375
0.638671875
0.67578125
2.021484375
4.51171875
4.2265625
5.2734375
3.30078125
2.001953125
1.7353515625
1.4150390625
1.11328125
1.119140625
1.2041015625
1.1171875
1.4052734375
1.7568359375
1.439453125
1.4892578125
1.4267578125
1.4482421875
1.611328125
1.375
1.4169921875
1.1884765625
1.1484375
1.0927734375
1.166015625
1.1767578125
1.0107421875
0.8681640625
0.6640625
0.89111328125
0.8837890625
0.72021484375
0.74658203125
0.69482421875
0.66796875
0.6025390625
0.6376953125
0.64404296875
0.53271484375
0.5908203125
0.72265625
0.6337890625
0.6083984375
0.5517578125
0.71484375
0.7255859375
0.6806640625
0.54345703125
0.6357421875
0.6748046875
0.7236328125
0.919921875
0.583984375
0.63232421875
0.697265625
0.472412109375
0.654296875
0.654296875
0.67333984375
0.556640625
0.66015625
0.7109375
1.5751953125
0.59814453125
0.72802734375
0.9140625
0.845703125
0.83642578125
0.876953125
0.85498046875
0.7880859375
0.8681640625
0.67041015625
0.6083984375
0.60009765625
0.541015625
0.65478515625
0.54931640625
0.64208984375
0.50732421875
0.66357421875
0.53173828125
0.70458984375
0.5400390625
0.6669921875
0.495849609375
0.58642578125
0.6640625
0.65380859375
0.7578125
0.83154296875
0.58544921875
0.52685546875
0.5732421875
0.495849609375
0.6865234375
0.67138671875
0.66015625
0.6640625
0.6953125
0.5869140625
0.6318359375
0.6259765625
0.64208984375
0.52685546875
0.66796875
0.58203125
0.68798828125
0.48876953125
0.66748046875
0.60205078125
0.662109375
0.61279296875
0.50439453125
0.59765625
0.6884765625
0.5263671875
0.62109375
0.45068359375
0.650390625
0.6474609375
0.60986328125
0.5419921875
0.58154296875
0.49462890625
0.576171875
0.611328125
0.5908203125
0.69287109375
0.493408203125
0.57373046875
0.57373046875
0.697265625
0.65771484375
0.650390625
0.70703125
0.5625
0.62060546875
0.57763671875
0.587890625
0.56982421875
0.51416015625
0.5576171875
0.53369140625
0.5107421875
0.7421875
0.4853515625
0.462646484375
0.65771484375
0.7587890625
0.54150390625
0.69775390625
0.59521484375
0.64697265625
0.72998046875
0.72900390625
0.66650390625
0.728515625
0.68701171875
0.73046875
0.56982421875
0.62158203125
0.5390625
0.7412109375
0.66455078125
0.442138671875
0.6328125
0.5771484375
0.5234375
0.638671875
0.5947265625
0.6845703125
0.6181640625
0.58642578125
0.61767578125
0.58544921875
0.47705078125
0.5390625
0.4306640625
0.57861328125
0.6904296875
0.564453125
0.611328125
0.5205078125
0.6142578125
0.587890625
0.5517578125
0.53955078125
0.66259765625
0.55859375
0.5263671875
0.53369140625
0.54833984375
0.515625
0.61376953125
0.54296875
0.548828125
0.64794921875
0.52392578125
0.435302734375
0.5048828125
0.70947265625
0.5048828125
0.58935546875
0.66748046875
0.52099609375
0.61328125
0.5380859375
0.6015625
0.57080078125
0.740234375
0.71240234375
0.65966796875
0.6708984375
0.7353515625
0.49560546875
0.43701171875
0.5947265625
0.62939453125
0.55810546875
0.55712890625
0.53955078125
0.44677734375
0.6015625
0.51904296875
0.599609375
0.53515625
0.414794921875
0.57275390625
0.6376953125
0.53515625
0.60400390625
0.56298828125
0.426025390625
0.45947265625
0.64306640625
0.6943359375
0.63671875
0.5908203125
0.497802734375
0.51708984375
0.59912109375
0.52392578125
0.492919921875
0.57958984375
0.481201171875
0.6220703125
0.462646484375
0.495849609375
0.49072265625
0.6767578125
0.48046875
0.420654296875
0.50732421875
0.564453125
0.55126953125
0.5791015625
0.47900390625
0.44775390625
0.49609375
0.54150390625
0.63427734375
0.51123046875
0.56982421875
0.51806640625
0.478759765625
0.63671875
0.55517578125
0.51318359375
0.52099609375
0.54150390625
0.456787109375
0.50390625
0.59619140625
0.51318359375
0.54833984375
0.6240234375
0.54931640625
0.50146484375
0.55859375
0.6015625
0.54931640625
0.54345703125
0.494873046875
0.52783203125
0.58984375
0.52490234375
0.62158203125
0.54736328125
0.44580078125
0.55419921875
0.63916015625
0.623046875
0.427734375
0.54443359375
0.54150390625
0.56689453125
0.59130859375
0.46728515625
0.40771484375
0.53955078125
0.429443359375
0.428466796875
0.3701171875
0.46240234375
0.487060546875
0.529296875
0.53076171875
0.51806640625
0.49755859375
0.49951171875
0.50439453125
0.50732421875
0.53173828125
0.50390625
0.478271484375
0.5361328125
0.486328125
0.498291015625
0.54345703125
0.57861328125
0.478759765625
0.60791015625
0.452880859375
0.564453125
0.45166015625
0.494384765625
0.517578125
0.3486328125
0.498291015625
0.430419921875
0.509765625
0.5478515625
0.52294921875
0.53662109375
0.650390625
0.477783203125
0.56103515625
0.54638671875
0.50244140625
0.61669921875
0.505859375
0.473388671875
0.5966796875
0.4326171875
0.489990234375
0.60302734375
0.5341796875
0.52392578125
0.43994140625
0.53466796875
0.61572265625
0.56787109375
0.44287109375
0.47314453125
0.47998046875
0.5068359375
0.5380859375
0.66162109375
0.58837890625
0.4775390625
0.44970703125
0.55908203125
0.64501953125
0.49755859375
0.544921875
0.444091796875
0.5732421875
0.5009765625
0.432861328125
0.47705078125
0.5908203125
0.468017578125
0.458984375
0.42333984375
0.5615234375
0.52880859375
0.475341796875
0.552734375
0.48486328125
0.42724609375
0.479248046875
0.57568359375
0.426025390625
0.50390625
0.55712890625
0.552734375
0.48388671875
0.49072265625
0.580078125
0.49072265625
0.4990234375
0.501953125
0.315673828125
0.53076171875
0.51220703125
0.498046875
0.58837890625
0.603515625
0.6767578125
0.5224609375
0.5224609375
0.467041015625
0.5263671875
0.453857421875
0.52490234375
0.59765625
0.429443359375
0.544921875
0.43701171875
0.61669921875
0.53125
0.57568359375
0.423828125
0.443115234375
0.60888671875
0.42529296875
0.5185546875
0.57373046875
0.54833984375
0.4716796875
0.4970703125
0.53076171875
0.491455078125
0.376953125
0.4052734375
0.387939453125
0.4951171875
0.499267578125
0.415771484375
0.48779296875
0.48046875
0.52099609375
0.449951171875
0.463134765625
0.488037109375
0.432373046875
0.51025390625
0.6162109375
0.5859375
0.440673828125
0.4326171875
0.51220703125
0.5419921875
0.52490234375
0.48486328125
0.49462890625
0.52001953125
0.5703125
0.5546875
0.544921875
0.50146484375
0.48876953125
0.5205078125
0.53076171875
0.56201171875
0.472900390625
0.47119140625
0.58251953125
0.50146484375
0.4775390625
0.478271484375
0.52294921875
0.5302734375
0.54345703125
0.468505859375
0.57763671875
0.471435546875
0.55224609375
0.51123046875
0.447265625
0.5615234375
0.64697265625
0.611328125
0.493896484375
0.449462890625
0.447021484375
0.55810546875
0.4306640625
0.491943359375
0.463623046875
0.468017578125
0.599609375
0.49853515625
0.4580078125
0.560546875
0.5830078125
0.54052734375
0.492431640625
0.58935546875
0.413818359375
0.405517578125
0.53125
0.3681640625
0.50439453125
0.5009765625
0.61474609375
0.53369140625
0.442138671875
0.457275390625
0.640625
0.55615234375
0.48828125
0.572265625
0.45166015625
0.447998046875
0.576171875
0.52734375
0.630859375
0.4736328125
0.499267578125
0.39111328125
0.4033203125
0.58251953125
0.465087890625
0.451904296875
0.51953125
0.428955078125
0.58203125
0.46337890625
0.7490234375
0.556640625
0.52392578125
0.456787109375
0.49072265625
0.58837890625
0.748046875
0.70263671875
0.5556640625
0.49267578125
0.54638671875
0.467041015625
0.52490234375
0.56787109375
0.61083984375
0.517578125
0.623046875
0.572265625
0.64697265625
0.57861328125
0.5751953125
0.56396484375
0.50390625
0.560546875
0.626953125
0.52783203125
0.6669921875
0.5732421875
0.55322265625
0.59423828125
0.51416015625
0.6171875
0.4619140625
0.50537109375
0.57275390625
0.62451171875
0.54931640625
0.58203125
0.6416015625
0.437255859375
0.52978515625
0.481689453125
0.46826171875
0.447021484375
0.478515625
0.5146484375
0.3876953125
0.55517578125
0.44287109375
0.61279296875
0.457275390625
0.5029296875
0.6416015625
0.431396484375
0.448486328125
0.53173828125
0.417236328125
0.389404296875
0.413818359375
0.5283203125
0.53662109375
0.425048828125
0.623046875
0.352294921875
0.42724609375
0.56689453125
0.46630859375
0.54931640625
0.560546875
0.475341796875
0.5078125
0.46875
0.3642578125
0.4599609375
0.54833984375
0.58056640625
0.420654296875
0.56201171875
0.45556640625
0.484619140625
0.485595703125
0.541015625
0.483642578125
0.428955078125
0.451904296875
0.5302734375
0.60400390625
0.480712890625
0.60205078125
0.50634765625
0.4970703125
0.53515625
0.62548828125
0.467529296875
0.463134765625
0.492919921875
0.4208984375
0.492431640625
0.60986328125
0.49560546875
0.50048828125
0.50634765625
0.56689453125
0.458984375
0.483642578125
0.51806640625
0.456298828125
0.436767578125
0.54931640625
0.488525390625
0.5849609375
0.46923828125
0.48779296875
0.40966796875
0.57568359375
0.49658203125
0.57275390625
0.5693359375
0.46142578125
0.46484375
0.4951171875
0.5302734375
0.45166015625
0.51025390625
0.5205078125
0.60205078125
0.55224609375
0.5322265625
0.52880859375
0.45654296875
0.533203125
0.46533203125
0.51513671875
0.420654296875
0.450439453125
0.65625
0.50048828125
0.48974609375
0.339111328125
0.494140625
0.457275390625
0.476806640625
0.552734375
0.52783203125
0.4599609375
0.411376953125
0.469970703125
0.4384765625
0.464599609375
0.4677734375
0.40576171875
0.471435546875
0.462890625
0.5283203125
0.385986328125
0.5234375
0.51904296875
0.489501953125
0.51904296875
0.48681640625
0.56982421875
0.52587890625
0.5341796875
0.47216796875
0.478515625
0.55712890625
0.52783203125
0.4609375
0.48095703125
0.6259765625
0.6396484375
0.398681640625
0.490234375
0.467041015625
0.57666015625
0.57275390625
0.54638671875
0.55859375
0.4560546875
0.54296875
0.5810546875
0.55126953125
0.47119140625
0.450439453125
0.51806640625
0.57421875
0.45947265625
0.478515625
0.63134765625
0.49853515625
0.50048828125
0.44921875
0.5234375
0.477294921875
0.56103515625
0.484375
0.410400390625
0.48876953125
0.446533203125
0.5029296875
0.458740234375
0.458251953125
0.48046875
0.50439453125
0.46337890625
0.41845703125
0.5263671875
0.52490234375
0.460693359375
0.54052734375
0.462890625
0.54833984375
0.454833984375
0.5234375
0.446044921875
0.4677734375
0.49267578125
0.498291015625
0.401611328125
0.42919921875
0.5078125
0.533203125
0.5693359375
0.493408203125
0.54150390625
0.53759765625
0.56640625
0.51171875
0.5283203125
0.58154296875
0.5
0.51123046875
0.461669921875
0.49951171875
0.466796875
0.432861328125
0.4482421875
0.49951171875
0.443359375
0.50927734375
0.55224609375
0.46728515625
0.5185546875
0.51513671875
0.385986328125
0.470458984375
0.54248046875
0.53466796875
0.480712890625
0.410400390625
0.5087890625
0.50244140625
0.48046875
0.499755859375
0.497314453125
0.45068359375
0.48974609375
0.529296875
0.447998046875
0.56103515625
0.431396484375
0.546875
0.46240234375
0.44384765625
0.6015625
0.52978515625
0.404541015625
0.3994140625
0.57568359375
0.4462890625
0.46240234375
0.462890625
0.51318359375
0.427978515625
0.37939453125
0.5322265625
0.47509765625
0.488037109375
0.51513671875
0.467529296875
0.490234375
0.40234375
0.36376953125
0.397705078125
0.46728515625
0.42138671875
0.39599609375
0.417724609375
0.5576171875
0.43505859375
0.439208984375
0.440673828125
0.458740234375
0.428466796875
0.4775390625
0.38134765625
0.48291015625
0.4912109375
0.39990234375
0.421142578125
0.53173828125
0.447998046875
0.431884765625
0.451904296875
0.50537109375
0.450439453125
0.45654296875
0.493408203125
0.397216796875
0.3564453125
0.46435546875
0.477294921875
0.51025390625
0.416015625
0.375
0.41845703125
0.4912109375
0.4658203125
0.59326171875
0.43701171875
0.46484375
0.57275390625
0.462890625
0.5146484375
0.49755859375
0.47509765625
0.48095703125
0.476318359375
0.3515625
0.49951171875
0.44580078125
0.45458984375
0.425048828125
0.5107421875
0.5224609375
0.4423828125
0.43115234375
0.5341796875
0.498779296875
0.3759765625
0.485107421875
0.4853515625
0.385009765625
0.51123046875
0.39990234375
0.4775390625
0.3818359375
0.43701171875
0.437255859375
0.3837890625
0.62646484375
0.418701171875
0.471435546875
0.45361328125
0.4228515625
0.44482421875
0.51904296875
0.39111328125
0.497802734375
0.5400390625
0.412109375
0.4150390625
0.45849609375
0.41015625
0.505859375
0.409423828125
0.515625
0.498779296875
0.54150390625
0.496826171875
0.375732421875
0.460693359375
0.431884765625
0.52978515625
0.47021484375
0.43359375
0.435791015625
0.424560546875
0.4296875
0.399169921875
0.52197265625
0.50537109375
0.39990234375
0.42724609375
0.45849609375
0.5615234375
0.47607421875
0.42578125
0.51171875
0.5244140625
0.412841796875
0.51318359375
0.50048828125
0.47998046875
0.544921875
0.392822265625
0.378662109375
0.409423828125
0.56494140625
0.48388671875
0.5380859375
0.45458984375
0.5078125
0.470947265625
0.40576171875
0.46728515625
0.4228515625
0.5078125
0.61328125
0.529296875
0.4892578125
0.50048828125
0.52880859375
0.498779296875
0.497314453125
0.51025390625
0.4521484375
0.53857421875
0.45751953125
0.403564453125
0.41748046875
0.478759765625
0.53076171875
0.517578125
0.51025390625
0.5283203125
0.43505859375
0.45654296875
0.4736328125
0.495849609375
0.45166015625
0.4033203125
0.46728515625
0.501953125
0.43994140625
0.4560546875
0.5322265625
0.55224609375
0.466552734375
0.461181640625
0.41796875
0.48828125
0.49267578125
0.39453125
0.48779296875
0.389892578125
0.453857421875
0.44775390625
0.439697265625
0.483642578125
0.47265625
0.438232421875
0.53466796875
0.47705078125
0.462158203125
0.412109375
0.4521484375
0.457275390625
0.50537109375
0.43310546875
0.541015625
0.501953125
0.442138671875
0.43994140625
0.396484375
0.416259765625
0.453369140625
0.443603515625
0.408447265625
0.521484375
0.447509765625
0.43896484375
0.36474609375
0.363525390625
0.501953125
0.427490234375
0.412353515625
0.44921875
0.53076171875
0.410888671875
0.4287109375
0.447509765625
0.4716796875
0.461669921875
0.345458984375
0.46630859375
0.44873046875
0.43359375
0.4453125
0.47412109375
0.4599609375
0.399658203125
0.4404296875
0.560546875
0.51953125
0.5126953125
0.4755859375
0.5205078125
0.49755859375
0.48486328125
0.494384765625
0.413330078125
0.5400390625
0.454833984375
0.435302734375
0.42041015625
0.50634765625
0.4697265625
0.440673828125
0.4619140625
0.475830078125
0.369384765625
0.45849609375
0.443359375
0.453125
0.435546875
0.39697265625
0.38037109375
0.5517578125
0.436279296875
0.43701171875
0.455078125
0.5546875
0.42578125
0.5146484375
0.50634765625
0.483642578125
0.413818359375
0.486083984375
0.460693359375
0.489501953125
0.4853515625
0.418212890625
0.51123046875
0.485595703125
0.386474609375
0.376953125
0.447509765625
0.41796875
0.51318359375
0.373046875
0.453857421875
0.4833984375
0.450927734375
0.498779296875
0.46533203125
0.5234375
0.489013671875
0.5458984375
0.445068359375
0.418701171875
0.434326171875
0.400634765625
0.454345703125
0.402587890625
0.398193359375
0.50830078125
0.429443359375
0.415771484375
0.53466796875
0.5107421875
0.48828125
0.5439453125
0.4423828125
0.46826171875
0.431640625
0.3310546875
0.521484375
0.44140625
0.482177734375
0.5341796875
0.52734375
0.52587890625
0.381103515625
0.465576171875
0.430908203125
0.454345703125
0.4990234375
0.463134765625
0.467041015625
0.443115234375
0.513671875
0.461669921875
0.3544921875
0.54833984375
0.47119140625
0.580078125
0.5009765625
0.611328125
0.505859375
0.473876953125
0.47216796875
0.423828125
0.4873046875
0.509765625
0.400634765625
0.409912109375
0.51513671875
0.441162109375
0.400390625
0.455810546875
0.436279296875
0.43701171875
0.426025390625
0.5087890625
0.48681640625
0.441650390625
0.354248046875
0.315673828125
0.398681640625
0.476806640625
0.382568359375
0.332763671875
0.482177734375
0.47265625
0.42919921875
0.515625
0.43310546875
0.49951171875
0.478515625
0.384521484375
0.453125
0.59765625
0.47998046875
0.35009765625
0.45849609375
0.459716796875
0.36328125
0.347900390625
0.50634765625
0.50390625
0.416259765625
0.466064453125
0.43310546875
0.56005859375
0.3955078125
0.58837890625
0.4501953125
0.406005859375
0.424072265625
0.434326171875
0.4560546875
0.423095703125
0.4384765625
0.43603515625
0.400390625
0.443603515625
0.423828125
0.38134765625
0.448974609375
0.418212890625
0.399658203125
0.41357421875
0.43359375
0.369873046875
0.460693359375
0.405517578125
0.378173828125
0.460693359375
0.380126953125
0.488525390625
0.54052734375
0.41015625
0.453857421875
0.490478515625
0.3876953125
0.372314453125
0.354248046875
0.4091796875
0.38037109375
0.3994140625
0.64794921875
0.5263671875
0.475341796875
0.409423828125
0.464111328125
0.39404296875
0.474609375
0.354736328125
0.501953125
0.421875
0.465576171875
0.480712890625
0.457275390625
0.39599609375
0.436279296875
0.4736328125
0.53125
0.54248046875
0.46142578125
0.469482421875
0.50048828125
0.4609375
0.3994140625
0.414306640625
0.37548828125
0.406005859375
0.466796875
0.423095703125
0.402099609375
0.453369140625
0.52490234375
0.5205078125
0.53564453125
0.402099609375
0.41455078125
0.436767578125
0.486572265625
0.481689453125
0.394287109375
0.4560546875
0.4609375
0.49560546875
0.380615234375
0.46533203125
0.453369140625
0.47802734375
0.381103515625
0.4609375
0.4560546875
0.47509765625
0.432861328125
0.53662109375
0.497314453125
0.50732421875
0.4091796875
0.39208984375
0.4931640625
0.53515625
0.35791015625
0.465087890625
0.46142578125
0.54833984375
0.4365234375
0.319580078125
0.47705078125
0.4296875
0.54443359375
0.48486328125
0.39111328125
0.468505859375
0.46435546875
0.396484375
0.4169921875
0.47998046875
0.414306640625
0.330810546875
0.453369140625
0.4453125
0.42919921875
0.498291015625
0.53857421875
0.376953125
0.403564453125
0.449951171875
0.50439453125
0.40185546875
0.399658203125
0.376220703125
0.390625
0.5146484375
0.378173828125
0.3486328125
0.49560546875
0.3994140625
0.36767578125
0.404052734375
0.51806640625
0.384521484375
0.39501953125
0.50390625
0.482666015625
0.398193359375
0.43212890625
0.4619140625
0.42333984375
0.457275390625
0.431396484375
0.361572265625
0.497314453125
0.39013671875
0.434814453125
0.49609375
0.442138671875
0.439208984375
0.437744140625
0.402099609375
0.4697265625
0.496826171875
0.39794921875
0.44140625
0.464599609375
0.4716796875
0.4140625
0.41357421875
0.371826171875
0.3779296875
0.405029296875
0.36669921875
0.49169921875
0.469482421875
0.361328125
0.50830078125
0.455322265625
0.4404296875
0.533203125
0.39990234375
0.438720703125
0.37060546875
0.5234375
0.53564453125
0.332275390625
0.52783203125
0.4111328125
0.419189453125
0.416259765625
0.42431640625
0.43359375
0.405517578125
0.55712890625
0.39990234375
0.45166015625
0.463623046875
0.37841796875
0.468017578125
0.44921875
0.56298828125
0.55517578125
0.453857421875
0.501953125
0.3759765625
0.417724609375
0.40087890625
0.50048828125
0.442138671875
0.448486328125
0.492431640625
0.4072265625
0.498291015625
0.509765625
0.45263671875
0.388427734375
0.419921875
0.53173828125
0.419921875
0.369140625
0.52197265625
0.42236328125
0.369873046875
0.497314453125
0.52734375
0.4580078125
0.453857421875
0.39892578125
0.41162109375
0.4951171875
0.437744140625
0.47900390625
0.406982421875
0.44091796875
0.5107421875
0.44384765625
0.417236328125
0.43603515625
0.476318359375
0.454833984375
0.436767578125
0.421630859375
0.407958984375
0.452880859375
0.45703125
0.529296875
0.466064453125
0.448486328125
0.456787109375
0.441650390625
0.455810546875
0.47705078125
0.391845703125
0.434814453125
0.413330078125
0.479248046875
0.4736328125
0.456298828125
0.37841796875
0.38427734375
0.60791015625
0.496337890625
0.46826171875
0.441650390625
0.4052734375
0.44189453125
0.405517578125
0.46923828125
0.3896484375
0.4775390625
0.335693359375
0.306396484375
0.467041015625
0.430908203125
