42.15625
40.34375
38.4375
43.40625
36.6875
39.0625
40.59375
42.875
37.65625
39.21875
42.125
39.6875
41.5625
41.25
39.0
41.28125
43.09375
39.15625
43.0
40.125
39.96875
41.09375
41.0625
38.375
40.90625
38.3125
37.03125
39.84375
41.90625
38.125
37.3125
37.03125
39.46875
37.40625
39.75
41.0
36.4375
36.625
39.09375
34.5625
37.1875
33.0625
32.96875
33.3125
33.96875
32.5625
31.359375
30.84375
30.359375
33.4375
26.03125
27.78125
27.703125
25.4375
26.65625
25.546875
22.65625
27.109375
22.359375
23.8125
20.203125
21.203125
23.3125
21.484375
20.25
19.375
17.46875
19.765625
17.546875
17.875
18.078125
16.6875
17.875
16.703125
15.34375
18.328125
15.0
17.15625
15.453125
17.484375
16.515625
14.5625
16.484375
14.703125
14.5625
14.0625
13.2734375
14.53125
13.7109375
14.8203125
13.484375
12.1171875
13.9375
13.453125
12.875
13.46875
13.3359375
11.9375
12.484375
12.3828125
13.1015625
14.6328125
14.359375
12.546875
12.2109375
12.1328125
12.4296875
13.3046875
16.9375
17.5
15.4140625
15.34375
14.6328125
12.078125
12.1875
11.6640625
10.7890625
11.71875
11.9375
12.6953125
11.1796875
12.171875
11.3046875
13.4609375
11.0234375
12.84375
11.171875
12.046875
10.25
11.5703125
9.640625
9.8984375
12.3359375
10.8828125
10.6171875
9.6953125
11.5078125
12.578125
9.7734375
9.1171875
9.65625
9.6171875
9.0546875
8.234375
9.96875
9.859375
11.78125
9.2734375
13.203125
9.28125
11.046875
8.3671875
10.8359375
9.2109375
8.8359375
9.1953125
8.046875
8.3984375
8.0234375
9.7109375
7.95703125
8.2578125
8.6328125
7.7734375
9.0546875
8.6640625
8.3671875
8.8046875
7.43359375
7.43359375
10.015625
8.65625
7.6875
8.5390625
7.52734375
7.19140625
8.1015625
7.41015625
7.6640625
6.953125
8.8515625
8.203125
7.328125
8.3828125
9.125
8.6171875
8.9765625
8.375
9.96875
7.59765625
8.0
6.828125
6.93359375
7.94921875
7.8359375
8.40625
7.02734375
7.19140625
6.7109375
8.515625
7.1015625
6.8125
9.3125
7.75
7.3046875
8.7734375
7.88671875
9.7734375
6.87109375
6.49609375
7.453125
7.03515625
6.53125
6.0234375
6.84375
6.01953125
6.6328125
6.078125
7.13671875
7.421875
6.40234375
6.55859375
7.39453125
7.00390625
8.171875
6.40625
7.11328125
6.58984375
6.421875
7.02734375
6.12890625
6.5234375
6.29296875
6.44921875
8.1796875
7.015625
6.828125
7.20703125
7.609375
7.8125
8.640625
5.63671875
7.37109375
6.59375
6.6796875
6.203125
6.8828125
7.1796875
6.68359375
6.09375
6.3203125
6.15625
6.76171875
7.2265625
5.84765625
5.7890625
6.61328125
7.31640625
7.14453125
6.08984375
5.4609375
7.73046875
7.08984375
7.16015625
6.13671875
6.09375
6.51953125
5.6015625
6.90234375
6.51953125
6.0078125
6.09375
6.1015625
6.21484375
7.72265625
6.84765625
6.91015625
6.00390625
7.2578125
6.25390625
6.13671875
6.03515625
5.984375
6.1875
6.9765625
6.01953125
7.12109375
6.19921875
6.6484375
6.3046875
5.953125
5.4921875
5.921875
8.5234375
6.8203125
5.94140625
5.9921875
5.8984375
5.83984375
6.5
5.1875
5.5859375
5.9296875
5.0390625
7.0625
5.2578125
4.765625
6.421875
6.46484375
5.34765625
5.84375
5.73046875
5.6171875
6.0625
5.48046875
5.296875
5.75
5.86328125
5.5546875
5.8203125
5.37890625
5.87890625
6.015625
5.52734375
5.546875
5.96875
6.203125
8.4375
5.94921875
5.1640625
6.1328125
6.640625
5.78515625
5.50390625
5.3984375
5.859375
6.21484375
5.76953125
5.36328125
6.6875
5.1171875
5.140625
5.31640625
5.40625
5.546875
5.63671875
7.46484375
5.48046875
6.88671875
5.09375
5.44921875
4.91015625
5.515625
4.9140625
4.69921875
5.28515625
4.6171875
5.796875
5.40234375
4.96875
5.88671875
7.80859375
5.00390625
6.05078125
6.21875
5.9765625
5.51171875
5.3046875
5.4609375
5.671875
7.16796875
5.69921875
8.7109375
5.78515625
5.88671875
5.05078125
5.578125
5.60546875
5.1640625
5.75390625
5.51171875
4.88671875
5.0625
5.4140625
4.640625
6.453125
5.04296875
5.1484375
7.390625
5.2734375
5.79296875
5.5703125
4.84765625
4.5234375
4.890625
5.07421875
6.359375
6.23046875
5.22265625
5.55859375
5.25
5.15625
5.25390625
6.09765625
5.40625
5.9609375
5.1171875
5.77734375
5.2421875
5.171875
5.6484375
6.01171875
5.52734375
5.27734375
5.5625
6.28125
5.0
5.5625
5.1640625
6.328125
5.4453125
6.20703125
5.48828125
4.76953125
4.75
5.390625
4.89453125
4.74609375
4.80078125
5.05078125
6.375
4.9609375
6.42578125
5.10546875
6.83203125
5.6640625
5.69921875
5.72265625
5.4140625
5.31640625
5.0546875
4.6953125
5.60546875
5.34765625
5.34765625
6.140625
4.71875
11.15625
5.57421875
5.69140625
4.9375
4.9453125
5.27734375
5.6640625
4.9609375
5.5625
5.27734375
4.859375
5.3671875
5.98046875
4.73828125
4.7265625
4.84765625
4.4609375
4.99609375
5.83203125
5.08203125
5.93359375
4.921875
5.22265625
5.4609375
4.8515625
5.63671875
4.671875
5.125
4.93359375
4.9921875
5.94140625
5.56640625
4.7265625
5.96484375
7.3984375
5.05078125
6.140625
4.67578125
5.015625
4.85546875
5.30078125
5.7734375
5.01171875
4.8828125
4.43359375
5.83984375
4.63671875
4.3359375
4.8515625
4.6015625
5.40625
5.76953125
5.3515625
4.75390625
5.2109375
6.06640625
4.625
4.9609375
4.3046875
4.4609375
4.8828125
5.4140625
4.79296875
5.66015625
4.984375
4.92578125
4.9765625
4.79296875
4.63671875
4.828125
4.74609375
4.5078125
5.49609375
4.76953125
5.01953125
4.73828125
8.1796875
5.13671875
5.33984375
4.6484375
5.45703125
5.30859375
4.95703125
4.4765625
4.56640625
4.76171875
5.19140625
4.8125
4.8203125
4.66015625
5.07421875
4.43359375
4.7890625
5.17578125
4.98828125
5.20703125
6.44140625
4.71875
4.453125
4.7578125
4.77734375
5.328125
5.96875
5.78515625
4.7734375
5.23046875
4.80859375
4.79296875
5.04296875
4.7109375
5.0625
4.671875
5.77734375
4.8359375
5.3203125
4.9609375
4.7109375
4.21875
4.4296875
4.98828125
5.41796875
5.6328125
13.9375
10.3671875
13.546875
6.73046875
7.91796875
5.0859375
4.9296875
5.19921875
4.875
4.94921875
4.73828125
4.31640625
4.2890625
4.7734375
4.9765625
4.62109375
5.25390625
4.31640625
4.921875
4.92578125
5.23828125
4.74609375
4.9140625
4.73046875
4.42578125
4.4453125
4.48828125
4.65234375
5.73046875
6.20703125
4.67578125
5.4921875
5.15234375
4.66015625
5.25390625
4.78125
5.46875
5.140625
4.41015625
4.8984375
4.765625
5.0
5.0703125
5.16796875
4.7109375
5.15234375
4.60546875
4.8828125
5.0625
4.83984375
5.421875
4.8515625
4.6796875
4.5859375
5.19140625
4.91015625
5.16015625
4.5625
4.859375
4.9296875
4.52734375
4.7109375
4.94140625
4.1484375
4.4140625
5.3046875
4.37109375
4.75390625
4.7109375
4.33203125
4.71875
12.375
4.3203125
4.90234375
6.1171875
5.11328125
4.7109375
5.1328125
7.08984375
4.46484375
4.90234375
4.5859375
4.3046875
4.5390625
4.19921875
4.57421875
4.140625
4.78515625
4.49609375
4.69140625
4.90234375
4.4609375
4.47265625
5.08203125
4.140625
4.38671875
4.6875
4.1015625
4.05859375
4.4140625
4.984375
4.18359375
4.21484375
4.47265625
4.1484375
4.6328125
7.34375
4.484375
5.01171875
5.77734375
4.07421875
4.5625
4.9140625
4.4453125
4.2421875
4.65234375
4.6796875
6.99609375
4.203125
5.3359375
5.4609375
4.62109375
4.7578125
4.6953125
4.421875
4.90625
5.6484375
4.47265625
4.12890625
4.4296875
4.1640625
4.23828125
4.1640625
4.23828125
4.765625
4.3046875
4.23046875
4.08203125
4.32421875
4.43359375
4.078125
4.296875
5.828125
4.328125
4.75390625
4.10546875
4.453125
4.7109375
4.46875
4.1640625
4.38671875
4.20703125
4.25390625
4.16015625
5.12890625
4.07421875
4.1796875
4.0703125
4.3046875
3.984375
4.1875
4.2109375
3.943359375
4.3046875
4.50390625
3.958984375
5.02734375
4.0859375
4.21875
4.125
4.14453125
4.1484375
3.923828125
4.34375
3.8828125
3.6953125
3.8828125
3.916015625
4.38671875
4.140625
4.72265625
4.23828125
3.9609375
4.37109375
4.48046875
4.08984375
4.09375
4.78515625
4.82421875
3.958984375
4.1953125
4.2109375
4.25
3.849609375
4.16015625
4.71484375
4.19140625
4.4296875
4.27734375
4.3828125
4.55078125
4.28515625
3.87890625
4.21484375
4.01171875
4.05078125
3.89453125
4.0390625
4.35546875
4.43359375
4.26953125
3.779296875
4.41796875
3.974609375
3.81640625
4.125
3.943359375
4.08203125
3.98046875
3.953125
4.9609375
4.27734375
4.58203125
4.20703125
4.2265625
4.08984375
3.59765625
4.74609375
4.10546875
4.046875
3.890625
4.421875
3.935546875
4.48046875
6.8359375
5.10546875
3.955078125
4.47265625
4.8125
4.10546875
4.37890625
4.140625
4.3125
5.2265625
4.0390625
4.1796875
4.59765625
3.8203125
3.767578125
4.03125
4.16015625
3.93359375
4.453125
4.23046875
4.85546875
6.1875
4.4609375
4.25
3.962890625
4.078125
5.78515625
4.015625
3.828125
4.03125
4.67578125
4.1171875
4.58203125
4.20703125
4.234375
4.1484375
4.0390625
4.2421875
4.296875
8.6796875
4.06640625
4.50390625
3.99609375
4.19921875
6.140625
4.8828125
4.1171875
4.4296875
4.3359375
4.04296875
4.24609375
4.29296875
4.39453125
4.12890625
4.25
4.27734375
3.853515625
4.0703125
3.625
4.3203125
6.08203125
4.1953125
3.998046875
4.1953125
4.0703125
3.619140625
4.078125
4.19921875
4.17578125
4.0
5.3828125
4.30078125
4.86328125
4.44140625
3.935546875
3.9296875
3.82421875
3.896484375
4.44140625
4.09375
4.4453125
4.2578125
4.21484375
4.12109375
5.2421875
4.1796875
3.615234375
4.37109375
4.03515625
3.900390625
3.767578125
4.05078125
4.171875
4.01171875
4.01953125
4.4609375
4.4140625
3.880859375
4.3515625
4.12890625
3.6796875
4.3828125
4.11328125
3.78125
3.962890625
3.728515625
4.58203125
4.0078125
3.818359375
3.921875
4.203125
4.13671875
3.765625
4.3125
4.15234375
4.625
3.904296875
3.744140625
3.98828125
4.296875
4.48828125
10.59375
10.90625
11.953125
6.65625
5.6015625
4.3671875
4.1484375
4.90625
4.16796875
3.955078125
4.24609375
3.994140625
7.2421875
4.84375
4.86328125
3.73828125
4.296875
3.84375
4.7734375
4.31640625
3.8984375
3.931640625
4.28515625
4.6640625
4.28515625
3.8125
4.296875
3.513671875
4.0
3.982421875
4.2265625
3.716796875
3.564453125
3.751953125
4.21875
3.88671875
4.2109375
4.78515625
4.0234375
3.55078125
4.03125
4.83203125
3.77734375
4.57421875
4.05078125
3.939453125
4.1484375
3.974609375
4.4765625
3.77734375
4.70703125
3.708984375
3.896484375
3.896484375
4.23828125
3.896484375
3.783203125
4.2734375
4.34375
3.787109375
4.52734375
5.1796875
4.16796875
3.86328125
4.45703125
5.82421875
3.73046875
4.1328125
3.947265625
4.0234375
3.767578125
4.046875
4.296875
3.935546875
3.5859375
4.62109375
3.994140625
4.296875
3.68359375
4.0703125
3.650390625
3.810546875
3.861328125
3.89453125
3.91796875
3.728515625
3.873046875
4.84765625
3.64453125
3.845703125
5.2265625
4.33203125
4.34765625
7.7421875
4.64453125
4.8984375
3.955078125
4.23046875
9.484375
4.05859375
4.09765625
4.64453125
4.1171875
4.203125
3.87890625
6.17578125
3.552734375
4.33984375
4.640625
4.4296875
4.80859375
4.33984375
3.7421875
4.02734375
3.984375
3.9453125
4.16796875
3.958984375
4.30078125
3.705078125
3.765625
4.00390625
4.3125
4.12890625
4.14453125
4.06640625
3.69921875
4.07421875
3.744140625
3.46484375
3.96875
4.0703125
4.07421875
3.77734375
3.822265625
3.9921875
3.998046875
3.9453125
3.923828125
4.01171875
3.98046875
3.806640625
3.853515625
3.876953125
3.76171875
3.88671875
3.85546875
3.88671875
3.533203125
3.837890625
5.390625
4.52734375
4.3203125
3.919921875
4.17578125
3.642578125
3.734375
4.27734375
4.1328125
4.21875
3.96875
3.845703125
3.9375
3.9609375
4.4921875
4.26171875
3.84765625
3.720703125
4.23828125
4.328125
5.94140625
5.609375
5.20703125
3.802734375
4.703125
4.0078125
4.33984375
3.98046875
4.20703125
4.0
3.98828125
3.8828125
3.765625
3.673828125
3.677734375
4.4140625
3.80078125
4.08203125
3.869140625
3.650390625
3.48046875
3.640625
4.38671875
4.93359375
3.8984375
3.794921875
3.955078125
3.830078125
3.703125
3.423828125
4.1015625
3.453125
4.046875
4.76953125
3.865234375
4.171875
3.595703125
3.5390625
3.70703125
3.599609375
3.953125
4.4140625
4.09765625
4.23828125
4.0
3.587890625
4.0625
3.716796875
3.46484375
3.65234375
5.19921875
3.115234375
3.83984375
4.2109375
3.564453125
4.41796875
3.658203125
3.8671875
4.390625
3.552734375
3.546875
3.63671875
3.927734375
3.638671875
4.3515625
4.08203125
3.8046875
3.75390625
4.0390625
3.517578125
3.9453125
4.33203125
3.794921875
3.671875
3.6640625
3.638671875
3.71875
4.125
3.306640625
3.482421875
3.818359375
3.36328125
4.33984375
3.396484375
3.869140625
3.751953125
3.888671875
3.275390625
3.69140625
3.86328125
3.478515625
3.365234375
3.82421875
3.54296875
4.890625
3.57421875
3.1953125
3.73828125
3.51171875
3.353515625
3.5625
3.58203125
3.96875
3.52734375
3.6640625
3.474609375
3.716796875
3.890625
3.61328125
3.97265625
3.955078125
3.8671875
5.359375
3.6171875
3.8984375
3.419921875
3.6875
3.630859375
3.736328125
3.76953125
3.638671875
3.67578125
3.392578125
3.51171875
4.6015625
3.7265625
3.408203125
3.626953125
3.419921875
3.744140625
3.46484375
3.693359375
3.619140625
4.12890625
3.609375
5.04296875
3.80859375
3.568359375
3.88671875
4.99609375
4.34765625
3.8671875
3.76953125
7.42578125
3.794921875
3.18359375
3.4375
3.806640625
3.583984375
3.90234375
3.6484375
3.58984375
3.431640625
3.947265625
3.76171875
3.9453125
3.197265625
3.330078125
3.791015625
3.294921875
3.349609375
3.619140625
3.666015625
3.681640625
3.51171875
3.07421875
3.744140625
3.583984375
3.66796875
3.52734375
3.5
3.6015625
3.37890625
3.619140625
3.38671875
3.478515625
3.283203125
3.29296875
3.587890625
4.5234375
3.4765625
4.0234375
4.08203125
3.56640625
3.658203125
3.625
3.779296875
3.333984375
3.54296875
3.544921875
8.6484375
3.966796875
3.892578125
3.72265625
3.474609375
3.4921875
4.62890625
3.595703125
3.490234375
3.7734375
3.650390625
3.900390625
3.47265625
4.94921875
3.640625
3.349609375
3.521484375
3.552734375
4.04296875
3.458984375
4.30078125
3.26953125
3.7734375
3.580078125
4.84375
3.5390625
3.55078125
3.837890625
3.2265625
3.673828125
3.498046875
3.4609375
3.89453125
3.30859375
3.5703125
3.765625
3.86328125
3.51171875
3.783203125
3.78125
4.234375
3.71875
4.1875
3.5390625
3.400390625
3.919921875
3.28125
3.5625
3.515625
3.623046875
4.54296875
3.115234375
3.66796875
3.2421875
3.912109375
4.0234375
3.91796875
3.609375
3.583984375
3.34375
4.0078125
3.935546875
3.79296875
3.568359375
3.4375
3.8046875
5.4296875
3.36328125
3.630859375
4.671875
3.57421875
3.27734375
4.00390625
3.216796875
3.716796875
3.3671875
3.921875
3.73046875
4.265625
3.373046875
3.65625
3.849609375
3.359375
3.693359375
3.3125
3.296875
3.720703125
3.28515625
3.333984375
3.619140625
3.662109375
3.140625
3.701171875
3.900390625
3.57421875
3.310546875
5.078125
3.849609375
3.712890625
4.1953125
3.505859375
3.728515625
3.58984375
3.54296875
3.5234375
3.388671875
3.04296875
3.74609375
3.404296875
3.533203125
3.2890625
3.21484375
3.560546875
3.478515625
3.736328125
3.13671875
3.384765625
3.314453125
3.94921875
3.19140625
3.322265625
3.181640625
4.21875
3.35546875
3.322265625
3.2109375
3.232421875
3.203125
3.2578125
3.1171875
3.30859375
3.68359375
3.41796875
3.78125
4.04296875
3.37890625
3.1875
3.556640625
3.1953125
3.18359375
5.0625
3.458984375
3.1875
3.36328125
3.197265625
4.95703125
3.220703125
3.7734375
3.6640625
4.23828125
3.5
3.6171875
3.302734375
3.5625
3.40625
4.41796875
3.412109375
3.470703125
3.427734375
3.546875
3.29296875
3.77734375
3.3359375
3.5234375
3.298828125
3.939453125
3.271484375
3.728515625
3.04296875
3.328125
4.046875
3.490234375
3.130859375
3.318359375
3.724609375
3.3046875
3.416015625
3.703125
3.591796875
3.322265625
3.365234375
5.91015625
3.560546875
3.380859375
3.41015625
3.29296875
3.22265625
3.578125
3.07421875
3.259765625
3.16796875
3.384765625
3.373046875
3.43359375
5.87890625
3.4140625
3.33203125
3.470703125
3.421875
3.451171875
3.701171875
3.376953125
4.00390625
3.740234375
3.28125
3.3046875
3.73828125
3.23828125
4.07421875
3.814453125
3.228515625
3.2734375
3.708984375
3.599609375
3.333984375
3.4140625
3.140625
3.828125
3.326171875
3.265625
4.359375
3.3828125
3.640625
3.373046875
3.400390625
3.4609375
3.630859375
3.44140625
3.095703125
3.2734375
3.345703125
3.49609375
3.1875
3.244140625
3.474609375
3.35546875
3.005859375
3.767578125
3.146484375
3.775390625
3.375
3.74609375
3.353515625
3.015625
3.380859375
3.0859375
3.271484375
3.63671875
3.45703125
3.140625
3.236328125
3.203125
3.021484375
3.64453125
3.25390625
3.35546875
3.349609375
3.1015625
3.595703125
3.154296875
3.609375
3.12109375
4.46484375
3.197265625
3.30078125
3.29296875
3.556640625
3.365234375
3.283203125
4.0078125
3.1484375
4.53125
3.525390625
3.328125
3.392578125
3.34375
3.826171875
3.76953125
4.17578125
3.646484375
3.421875
3.6875
3.345703125
3.4609375
3.251953125
3.3125
3.396484375
3.494140625
3.5625
3.283203125
4.171875
3.494140625
3.4765625
3.53515625
3.388671875
3.234375
3.486328125
5.5078125
4.49609375
3.4921875
3.419921875
3.296875
3.462890625
3.673828125
3.67578125
3.419921875
3.833984375
3.302734375
5.75
3.365234375
3.275390625
3.939453125
3.244140625
3.16015625
3.203125
3.388671875
3.39453125
3.421875
3.40625
3.16015625
3.322265625
3.28515625
3.994140625
3.111328125
2.96484375
4.05859375
4.8984375
3.3515625
3.03125
3.201171875
3.9609375
3.12890625
3.20703125
3.1875
3.412109375
4.01171875
3.751953125
3.103515625
3.71875
3.25
3.126953125
3.111328125
3.59375
2.998046875
4.30859375
4.16015625
3.21484375
3.044921875
3.234375
3.25390625
3.20703125
3.681640625
3.076171875
3.392578125
3.28515625
3.2890625
2.958984375
3.51171875
3.3515625
3.296875
3.755859375
5.44140625
3.1640625
3.03515625
3.34375
3.326171875
3.431640625
3.2265625
2.990234375
3.568359375
3.38671875
3.306640625
3.591796875
3.005859375
3.58984375
3.591796875
3.44140625
4.15234375
3.974609375
3.15234375
3.2421875
3.13671875
3.712890625
3.859375
3.212890625
3.59375
3.83203125
3.39453125
3.142578125
3.38671875
3.205078125
3.24609375
3.431640625
3.2578125
3.27734375
3.82421875
3.166015625
3.18359375
3.341796875
3.4296875
3.384765625
3.42578125
3.115234375
3.310546875
3.484375
3.873046875
3.30859375
3.23828125
3.53515625
3.58984375
3.37890625
2.984375
2.9375
3.625
3.830078125
3.072265625
3.23828125
3.494140625
3.671875
6.17578125
3.298828125
3.892578125
3.15234375
4.390625
3.4375
3.0625
3.109375
3.3828125
3.232421875
3.240234375
3.49609375
3.09765625
3.517578125
3.501953125
3.20703125
3.609375
3.26171875
3.287109375
3.87109375
3.48828125
3.53125
3.19921875
3.201171875
3.294921875
3.29296875
3.365234375
3.376953125
3.37890625
3.265625
3.6171875
3.3203125
3.5234375
3.048828125
3.064453125
3.361328125
3.2421875
3.685546875
3.53125
3.33984375
6.53125
3.013671875
3.05859375
3.296875
3.734375
3.1796875
3.3671875
3.158203125
3.0390625
3.166015625
3.205078125
2.986328125
3.45703125
3.291015625
4.50390625
3.478515625
3.109375
3.111328125
3.4609375
3.193359375
3.458984375
3.5390625
3.134765625
3.25
3.099609375
3.0546875
3.400390625
4.1953125
3.5
3.697265625
3.17578125
3.435546875
3.498046875
3.03515625
3.478515625
3.45703125
3.84375
2.966796875
3.796875
3.2265625
3.404296875
3.40234375
3.4140625
3.2734375
3.185546875
3.447265625
3.615234375
3.927734375
3.73046875
3.291015625
2.984375
3.080078125
3.345703125
2.994140625
3.240234375
3.236328125
3.4453125
3.544921875
3.328125
3.1796875
3.515625
3.0546875
3.298828125
3.4609375
3.580078125
3.2890625
3.306640625
4.08203125
3.23828125
3.240234375
3.46875
3.197265625
3.640625
3.33984375
3.97265625
3.048828125
3.58984375
3.33984375
3.013671875
3.41015625
5.17578125
3.375
3.615234375
3.240234375
3.5546875
3.37890625
3.306640625
3.037109375
3.474609375
3.197265625
3.126953125
3.033203125
3.0234375
3.01953125
3.255859375
3.353515625
3.0234375
3.25
3.380859375
3.439453125
3.181640625
2.873046875
3.166015625
3.5390625
3.20703125
4.02734375
3.12890625
3.517578125
3.177734375
3.568359375
3.19140625
3.40234375
3.34375
2.951171875
3.0703125
3.345703125
3.447265625
3.09375
3.228515625
3.568359375
4.71875
3.24609375
2.998046875
6.1015625
3.544921875
3.376953125
2.982421875
2.787109375
2.9375
3.189453125
3.267578125
3.814453125
3.107421875
3.515625
3.291015625
3.44921875
3.357421875
3.1015625
3.265625
3.267578125
3.310546875
3.306640625
3.197265625
3.75390625
3.326171875
3.599609375
3.22265625
3.03515625
3.08203125
3.05859375
3.048828125
3.126953125
3.0625
3.279296875
3.22265625
2.98046875
3.158203125
3.40625
3.166015625
4.86328125
3.26953125
3.10546875
3.384765625
3.31640625
3.166015625
3.265625
3.20703125
3.333984375
2.9921875
3.119140625
3.130859375
3.16015625
3.3515625
3.509765625
3.15234375
3.46875
3.080078125
3.634765625
3.685546875
4.75
3.23046875
2.98828125
3.349609375
3.75390625
3.3125
3.43359375
3.15625
3.30859375
3.30078125
3.212890625
3.119140625
2.974609375
3.2421875
3.501953125
2.892578125
3.501953125
3.3125
3.181640625
2.923828125
3.556640625
3.154296875
3.0625
2.95703125
3.52734375
3.373046875
3.0546875
2.826171875
3.2734375
3.40625
3.52734375
3.560546875
3.283203125
3.052734375
3.2734375
3.7265625
3.3984375
3.482421875
3.5390625
3.458984375
3.08203125
3.248046875
3.26171875
3.318359375
3.365234375
3.052734375
3.361328125
3.224609375
6.75
3.216796875
3.357421875
3.23828125
3.09375
3.375
3.212890625
2.9765625
3.072265625
4.07421875
3.119140625
3.630859375
4.2265625
4.0625
3.11328125
3.015625
3.7265625
3.1953125
3.04296875
3.138671875
3.6875
3.337890625
3.640625
3.365234375
3.22265625
3.189453125
3.626953125
3.45703125
3.080078125
3.013671875
