41.8125
37.8125
34.75
34.0
26.21875
24.84375
21.984375
19.421875
14.34375
11.9296875
9.1875
6.6796875
5.98046875
5.171875
4.5546875
4.09375
3.712890625
3.23046875
3.052734375
2.5546875
2.11328125
1.798828125
1.5390625
1.2919921875
1.310546875
1.2216796875
1.2080078125
1.1640625
1.09375
0.958984375
1.033203125
0.931640625
1.0341796875
0.9423828125
0.86865234375
0.86474609375
0.87890625
1.0205078125
0.708984375
0.9287109375
0.87841796875
0.9306640625
0.91943359375
0.86865234375
0.89599609375
0.82373046875
0.8466796875
0.837890625
0.83251953125
0.74853515625
0.8203125
0.71484375
0.69091796875
0.64208984375
0.75341796875
0.7685546875
0.6474609375
0.744140625
0.69970703125
0.6708984375
0.68359375
0.75634765625
0.6103515625
0.70166015625
0.62109375
0.66357421875
0.85888671875
0.72216796875
0.7841796875
0.658203125
0.5986328125
0.74853515625
0.6337890625
0.8359375
0.68603515625
0.5224609375
0.7802734375
0.76171875
0.703125
0.71044921875
0.76513671875
0.685546875
0.5498046875
0.6552734375
0.6982421875
0.619140625
0.72900390625
0.6796875
0.5849609375
0.583984375
0.6630859375
0.73974609375
0.6611328125
0.623046875
0.64453125
0.5947265625
0.69921875
0.61474609375
0.71044921875
0.6435546875
0.70263671875
0.487060546875
0.6865234375
0.45556640625
0.6923828125
0.80029296875
0.66357421875
0.60302734375
0.75732421875
0.7421875
0.57763671875
0.63916015625
0.57763671875
0.58251953125
0.6484375
0.5751953125
0.68994140625
0.73974609375
0.65869140625
0.51171875
0.6630859375
0.50244140625
0.57666015625
0.591796875
0.53466796875
0.6240234375
0.63134765625
0.662109375
0.8095703125
0.67431640625
0.62109375
0.66943359375
0.83203125
0.841796875
0.64013671875
0.69921875
0.5859375
0.63916015625
0.5673828125
0.638671875
0.673828125
0.62890625
0.61083984375
0.67822265625
0.6474609375
0.55419921875
0.62109375
0.60009765625
0.60302734375
0.62646484375
0.6591796875
0.68505859375
0.59619140625
0.5556640625
0.59912109375
0.55908203125
0.5390625
0.59912109375
0.54541015625
0.7099609375
0.640625
0.53515625
0.541015625
0.58251953125
0.625
0.4306640625
0.50732421875
0.56787109375
0.483154296875
0.72509765625
0.62353515625
0.63916015625
0.5263671875
0.54345703125
0.55419921875
0.62744140625
0.58984375
0.5712890625
0.54443359375
0.583984375
0.56787109375
0.5693359375
0.54150390625
0.6455078125
0.56787109375
0.6923828125
0.5859375
0.6044921875
0.56884765625
0.481201171875
0.53271484375
0.587890625
0.61279296875
0.489501953125
0.6259765625
0.59912109375
0.513671875
0.65966796875
0.54052734375
0.53955078125
0.5048828125
0.440673828125
0.52001953125
0.62158203125
0.57861328125
0.51318359375
0.50390625
0.61181640625
0.5576171875
0.5458984375
0.50244140625
0.474609375
0.5322265625
0.5185546875
0.6728515625
0.69580078125
0.54345703125
0.599609375
0.728515625
0.55712890625
0.54931640625
0.483642578125
0.53173828125
0.6279296875
0.5244140625
0.50732421875
0.673828125
0.54443359375
0.63134765625
0.49755859375
0.50146484375
0.50439453125
0.6025390625
0.5703125
0.48291015625
0.474609375
0.654296875
0.61083984375
0.49365234375
0.546875
0.50390625
0.51513671875
0.68017578125
0.59228515625
0.654296875
0.533203125
0.52001953125
0.591796875
0.63671875
0.4560546875
0.50390625
0.50439453125
0.51123046875
0.4853515625
0.48779296875
0.4794921875
0.5927734375
0.55419921875
0.50048828125
0.476806640625
0.58984375
0.47705078125
0.5986328125
0.68212890625
0.440673828125
0.50341796875
0.63623046875
0.66796875
0.59423828125
0.487060546875
0.53369140625
0.52587890625
0.61279296875
0.453369140625
0.599609375
0.5048828125
0.51806640625
0.6240234375
0.50341796875
0.48486328125
0.5439453125
0.58740234375
0.451171875
0.60107421875
0.467041015625
0.53466796875
0.5048828125
0.62939453125
0.509765625
0.51904296875
0.6337890625
0.560546875
0.5771484375
0.56787109375
0.56103515625
0.5927734375
0.60400390625
0.5244140625
0.5068359375
0.497802734375
0.5390625
0.5673828125
0.50732421875
0.552734375
0.5205078125
0.62353515625
0.47607421875
0.5166015625
0.69384765625
0.6396484375
0.73828125
0.57763671875
0.552734375
0.55322265625
0.55859375
0.650390625
0.44873046875
0.53173828125
0.49951171875
0.49365234375
0.509765625
0.583984375
0.4970703125
0.6328125
0.59765625
0.54931640625
0.48095703125
0.5556640625
0.61474609375
0.59716796875
0.54736328125
0.5380859375
0.5263671875
0.57958984375
0.64697265625
0.52294921875
0.4990234375
0.611328125
0.67431640625
0.58203125
0.5859375
0.53564453125
0.6171875
0.57373046875
0.58056640625
0.5478515625
0.67431640625
0.60791015625
0.5439453125
0.50927734375
0.498291015625
0.43115234375
0.55322265625
0.468505859375
0.505859375
0.5078125
0.476806640625
0.6396484375
0.521484375
0.73193359375
0.58984375
0.5888671875
0.61474609375
0.5625
0.5087890625
0.525390625
0.521484375
0.57275390625
0.64501953125
0.53662109375
0.4853515625
0.50341796875
0.428955078125
0.47607421875
0.6630859375
0.662109375
0.607421875
0.7001953125
0.72216796875
0.63818359375
0.4462890625
0.53369140625
0.72705078125
0.54296875
0.5380859375
0.51953125
0.56884765625
0.47314453125
0.443603515625
0.548828125
0.50341796875
0.47705078125
0.51123046875
0.54638671875
0.5576171875
0.43115234375
0.50146484375
0.55712890625
0.5771484375
0.54833984375
0.5966796875
0.6044921875
0.55029296875
0.468017578125
0.484375
0.52099609375
0.49560546875
0.5107421875
0.54736328125
0.609375
0.4560546875
0.517578125
0.5205078125
0.5517578125
0.466796875
0.49755859375
0.474609375
0.489013671875
0.5625
0.5087890625
0.40869140625
0.489501953125
0.43310546875
0.440673828125
0.59375
0.475830078125
0.44091796875
0.48583984375
0.45703125
0.53125
0.57275390625
0.478271484375
0.444091796875
0.5341796875
0.47705078125
0.487060546875
0.4990234375
0.53955078125
0.568359375
0.3818359375
0.451904296875
0.5810546875
0.5078125
0.35595703125
0.53466796875
0.421875
0.6474609375
0.54150390625
0.42626953125
0.453125
0.61962890625
0.56298828125
0.5400390625
0.525390625
0.51025390625
0.4326171875
0.45361328125
0.5947265625
0.473388671875
0.46826171875
0.56640625
0.4853515625
0.60009765625
0.51806640625
0.458251953125
0.36767578125
0.4189453125
0.48583984375
0.5029296875
0.4580078125
0.51318359375
0.56884765625
0.52734375
0.5703125
0.55078125
0.6044921875
0.453857421875
0.41552734375
0.5419921875
0.432373046875
0.478515625
0.544921875
0.55810546875
0.58984375
0.794921875
0.61083984375
0.47998046875
0.52783203125
0.56689453125
0.52197265625
0.480712890625
0.60546875
0.5625
0.499755859375
0.505859375
0.5576171875
0.5966796875
0.62158203125
0.472900390625
0.5087890625
0.521484375
0.54052734375
0.52978515625
0.541015625
0.49169921875
0.5634765625
0.47802734375
0.58935546875
0.60595703125
0.462646484375
0.51123046875
0.51025390625
0.48046875
0.5068359375
0.595703125
0.479736328125
0.49267578125
0.50244140625
0.57666015625
0.48779296875
0.61181640625
0.5283203125
0.6337890625
0.58837890625
0.52734375
0.50830078125
0.498046875
0.54345703125
0.43603515625
0.458251953125
0.453857421875
0.498779296875
0.51171875
0.466064453125
0.486572265625
0.48681640625
0.470703125
0.529296875
0.47998046875
0.50146484375
0.560546875
0.5146484375
0.494384765625
0.39599609375
0.54736328125
0.41162109375
0.418701171875
0.4619140625
0.42236328125
0.57763671875
0.46875
0.495849609375
0.50634765625
0.4404296875
0.431640625
0.5498046875
0.4384765625
0.491455078125
0.591796875
0.5732421875
0.60107421875
0.505859375
0.46533203125
0.5888671875
0.423095703125
0.55615234375
0.51904296875
0.4951171875
0.52734375
0.459716796875
0.442626953125
0.53759765625
0.43115234375
0.471435546875
0.53955078125
0.52587890625
0.404296875
0.477294921875
0.51904296875
0.423828125
0.5400390625
0.5166015625
0.40478515625
0.5205078125
0.448974609375
0.43505859375
0.45947265625
0.448974609375
0.5205078125
0.54931640625
0.447021484375
0.50634765625
0.330078125
0.457763671875
0.51416015625
0.54736328125
0.4130859375
0.5107421875
0.4677734375
0.5537109375
0.583984375
0.470703125
0.377197265625
0.53759765625
0.451904296875
0.47021484375
0.447509765625
0.46044921875
0.39599609375
0.470703125
0.44775390625
0.429931640625
0.4375
0.5556640625
0.433837890625
0.369140625
0.54150390625
0.58447265625
0.419677734375
0.39990234375
0.445556640625
0.51513671875
0.48046875
0.466552734375
0.59716796875
0.54150390625
0.492919921875
0.44091796875
0.489501953125
0.46435546875
0.54736328125
0.60595703125
0.379638671875
0.5419921875
0.481201171875
0.385009765625
0.44140625
0.5126953125
0.5458984375
0.39599609375
0.48095703125
0.4248046875
0.5107421875
0.391357421875
0.421875
0.4541015625
0.443115234375
0.478759765625
0.476806640625
0.4638671875
0.451904296875
0.48291015625
0.45947265625
0.362060546875
0.51806640625
0.412841796875
0.445068359375
0.396484375
0.56884765625
0.5302734375
0.51171875
0.413330078125
0.609375
0.5419921875
0.46728515625
0.4111328125
0.493408203125
0.443603515625
0.51806640625
0.6142578125
0.59326171875
0.55908203125
0.397216796875
0.44970703125
0.41162109375
0.495849609375
0.453125
0.53173828125
0.45263671875
0.52880859375
0.385986328125
0.474365234375
0.450439453125
0.4755859375
0.418701171875
0.451904296875
0.48291015625
0.54931640625
0.413818359375
0.53369140625
0.436767578125
0.437255859375
0.448486328125
0.50341796875
0.470947265625
0.564453125
0.51123046875
0.58447265625
0.51953125
0.626953125
0.61279296875
0.461669921875
0.41650390625
0.537109375
0.40966796875
0.4736328125
0.421875
0.5244140625
0.71875
0.60400390625
0.59619140625
0.55078125
0.59033203125
0.6259765625
0.529296875
0.62255859375
0.51708984375
0.548828125
0.489501953125
0.5556640625
0.49462890625
0.50390625
0.5205078125
0.5283203125
0.498779296875
0.53076171875
0.55126953125
0.5107421875
0.59765625
0.56787109375
0.50341796875
0.5966796875
0.64013671875
0.50830078125
0.513671875
0.46728515625
0.475830078125
0.57275390625
0.51123046875
0.54833984375
0.52587890625
0.5439453125
0.48291015625
0.580078125
0.51611328125
0.38720703125
0.497802734375
0.568359375
0.384521484375
0.465576171875
0.541015625
0.5009765625
0.5087890625
0.5283203125
0.560546875
0.56396484375
0.41015625
0.41552734375
0.30419921875
0.4873046875
0.458984375
0.480712890625
0.473388671875
0.380126953125
0.52197265625
0.493408203125
0.440673828125
0.458740234375
0.53759765625
0.46240234375
0.47509765625
0.470703125
0.48681640625
0.4208984375
0.5087890625
0.466796875
0.40380859375
0.546875
0.50341796875
0.373046875
0.442138671875
0.6533203125
0.412841796875
0.481201171875
0.50341796875
0.453857421875
0.5400390625
0.429443359375
0.51904296875
0.45263671875
0.5458984375
0.517578125
0.45068359375
0.58154296875
0.619140625
0.449951171875
0.37109375
0.478759765625
0.56982421875
0.53515625
0.5302734375
0.460693359375
0.3701171875
0.65869140625
0.6171875
0.564453125
0.435791015625
0.3916015625
0.464599609375
0.475830078125
0.49365234375
0.57421875
0.53857421875
0.369384765625
0.43603515625
0.471923828125
0.4794921875
0.50927734375
0.5224609375
0.47607421875
0.44140625
0.462158203125
0.4609375
0.397216796875
0.537109375
0.389892578125
0.45703125
0.356201171875
0.467041015625
0.455322265625
0.55908203125
0.43994140625
0.4130859375
0.404052734375
0.498046875
0.451904296875
0.56005859375
0.49658203125
0.3984375
0.5673828125
0.6201171875
0.552734375
0.44384765625
0.56640625
0.5205078125
0.46484375
0.60888671875
0.548828125
0.469970703125
0.49462890625
0.451171875
0.443603515625
0.4052734375
0.548828125
0.450927734375
0.4619140625
0.533203125
0.4658203125
0.48486328125
0.49951171875
0.434326171875
0.474609375
0.412109375
0.49462890625
0.517578125
0.5576171875
0.433837890625
0.5
0.5751953125
0.50927734375
0.5107421875
0.45263671875
0.61083984375
0.400390625
0.47021484375
0.48193359375
0.49609375
0.5390625
0.478515625
0.419189453125
0.469970703125
0.378662109375
0.410888671875
0.41357421875
0.452392578125
0.491455078125
0.48095703125
0.4921875
0.50146484375
0.43212890625
0.42333984375
0.42431640625
0.483154296875
0.444091796875
0.406982421875
0.440185546875
0.461181640625
0.498779296875
0.45458984375
0.47705078125
0.51025390625
0.4140625
0.5283203125
0.344970703125
0.51123046875
0.42236328125
0.41064453125
0.54150390625
0.328125
0.48681640625
0.4150390625
0.54736328125
0.5185546875
0.483154296875
0.5595703125
0.459716796875
0.427978515625
0.5068359375
0.54833984375
0.3896484375
0.541015625
0.50390625
0.51611328125
0.53759765625
0.552734375
0.51513671875
0.478271484375
0.3974609375
0.5224609375
0.490478515625
0.4638671875
0.5224609375
0.41943359375
0.384033203125
0.39306640625
0.413330078125
0.434326171875
0.492431640625
0.49560546875
0.492431640625
0.38037109375
0.4189453125
0.3828125
0.58984375
0.405517578125
0.48193359375
0.42626953125
0.5205078125
0.4169921875
0.383544921875
0.431640625
0.54833984375
0.394775390625
0.5009765625
0.36181640625
0.51806640625
0.51953125
0.447021484375
0.488525390625
0.425048828125
0.385986328125
0.455078125
0.60107421875
0.406494140625
0.5009765625
0.482666015625
0.51513671875
0.4921875
0.491943359375
0.478515625
0.44921875
0.488525390625
0.44921875
0.362060546875
0.5302734375
0.5703125
0.56103515625
0.54052734375
0.5380859375
0.56982421875
0.46142578125
0.5400390625
0.46142578125
0.461669921875
0.415771484375
0.431884765625
0.59375
0.458251953125
0.5146484375
0.404052734375
0.5302734375
0.438232421875
0.489990234375
0.409423828125
0.451171875
0.46435546875
0.407470703125
0.428466796875
0.52685546875
0.472900390625
0.466552734375
0.451904296875
0.55859375
0.46484375
0.358642578125
0.416259765625
0.37890625
0.4716796875
0.453125
0.369873046875
0.41357421875
0.5205078125
0.472900390625
0.41259765625
0.461669921875
0.443603515625
0.4345703125
0.44677734375
0.52099609375
0.50341796875
0.400634765625
0.446044921875
0.5029296875
0.471435546875
0.469482421875
0.35009765625
0.451171875
0.481201171875
0.53857421875
0.475341796875
0.463623046875
0.44970703125
0.45849609375
0.45654296875
0.486083984375
0.5302734375
0.450439453125
0.41650390625
0.54296875
0.438720703125
0.438232421875
0.44580078125
0.5068359375
0.50146484375
0.485107421875
0.5068359375
0.457763671875
0.45263671875
0.49365234375
0.496826171875
0.5009765625
0.533203125
0.50244140625
0.50927734375
0.4541015625
0.50146484375
0.407470703125
0.50390625
0.449951171875
0.441162109375
0.473876953125
0.5009765625
0.66259765625
0.46337890625
0.48974609375
0.52490234375
0.5986328125
0.52392578125
0.435791015625
0.55908203125
0.386962890625
0.418701171875
0.51318359375
0.43701171875
0.4921875
0.56689453125
0.6318359375
0.6298828125
0.50732421875
0.417236328125
0.6201171875
0.50634765625
0.53173828125
0.5498046875
0.51904296875
0.4423828125
0.51171875
0.5185546875
0.50244140625
0.4326171875
0.39892578125
0.397216796875
0.435302734375
0.4638671875
0.400146484375
0.405517578125
0.499267578125
0.424072265625
0.5986328125
0.413330078125
0.595703125
0.5498046875
0.4736328125
0.468505859375
0.453857421875
0.49365234375
0.50830078125
0.51025390625
0.486572265625
0.5
0.6064453125
0.45947265625
0.468017578125
0.51025390625
0.494384765625
0.4365234375
0.509765625
0.41162109375
0.52197265625
0.52490234375
0.4765625
0.52783203125
0.486572265625
0.4453125
0.48291015625
0.39599609375
0.55078125
0.45556640625
0.5107421875
0.53564453125
0.47216796875
0.49658203125
0.4365234375
0.480224609375
0.52294921875
0.5400390625
0.44189453125
0.498779296875
0.51953125
0.455078125
0.435302734375
0.54541015625
0.404541015625
0.4228515625
0.4833984375
0.460205078125
0.39111328125
0.52001953125
0.430419921875
0.482421875
0.455078125
0.469970703125
0.5048828125
0.40625
0.450927734375
0.44140625
0.346435546875
0.347412109375
0.463134765625
0.4560546875
0.491455078125
0.404296875
0.62890625
0.318359375
0.4345703125
0.5478515625
0.383544921875
0.407470703125
0.5048828125
0.51953125
0.50390625
0.494873046875
0.31787109375
0.46337890625
0.5322265625
0.47412109375
0.369384765625
0.422607421875
0.444091796875
0.40966796875
0.3857421875
0.488037109375
0.4423828125
0.427490234375
0.455322265625
0.487060546875
0.5654296875
0.430419921875
0.576171875
0.533203125
0.4306640625
0.479248046875
0.53662109375
0.4326171875
0.46240234375
0.447998046875
0.403564453125
0.484130859375
0.49462890625
0.4501953125
0.3740234375
0.491455078125
0.45458984375
0.41357421875
0.45458984375
0.416748046875
0.445556640625
0.43896484375
0.47216796875
0.4912109375
0.513671875
0.446044921875
0.446044921875
0.4111328125
0.52783203125
0.483154296875
0.481201171875
0.462646484375
0.3779296875
0.439697265625
0.4736328125
0.529296875
0.403564453125
0.43994140625
0.389404296875
0.53271484375
0.47265625
0.44287109375
0.410400390625
0.438232421875
0.490234375
0.464599609375
0.5048828125
0.350830078125
0.420654296875
0.53173828125
0.41943359375
0.406005859375
0.384521484375
0.495361328125
0.426513671875
0.437255859375
0.457763671875
0.448974609375
0.3427734375
0.3994140625
0.4091796875
0.40283203125
0.36181640625
0.4091796875
0.376220703125
0.44921875
0.418701171875
0.455078125
0.346923828125
0.477294921875
0.42431640625
0.484619140625
0.408203125
0.480712890625
0.48876953125
0.473388671875
0.43896484375
0.467041015625
0.397705078125
0.5751953125
0.468505859375
0.46484375
0.39501953125
0.50537109375
0.609375
0.386962890625
0.440185546875
0.4482421875
0.58837890625
0.44775390625
0.5478515625
0.4658203125
0.426025390625
0.50537109375
0.5625
0.4921875
0.455810546875
0.43994140625
0.494384765625
0.51123046875
0.35595703125
0.4736328125
0.4921875
0.443359375
0.4384765625
0.4453125
0.45849609375
0.474365234375
0.55810546875
0.44580078125
0.4267578125
0.461669921875
0.348876953125
0.397216796875
0.38671875
0.4912109375
0.51708984375
0.473876953125
0.4296875
0.447265625
0.4521484375
0.4990234375
0.38232421875
0.55615234375
0.373291015625
0.55908203125
0.470458984375
0.487060546875
0.40869140625
0.41748046875
0.4638671875
0.37939453125
0.4111328125
0.411376953125
0.492919921875
0.39453125
0.44189453125
0.479248046875
0.473876953125
0.47021484375
0.36767578125
0.4453125
0.41552734375
0.470458984375
0.380859375
0.429443359375
0.496826171875
0.5380859375
0.421630859375
0.4990234375
0.478515625
0.40966796875
0.434814453125
0.41748046875
0.541015625
0.437255859375
0.468017578125
0.4775390625
0.365966796875
0.444091796875
0.467529296875
0.452880859375
0.4794921875
0.385986328125
0.44482421875
0.4453125
0.515625
0.492919921875
0.52294921875
0.44775390625
0.42578125
0.55322265625
0.4189453125
0.58544921875
0.3740234375
0.446533203125
0.4140625
0.46240234375
0.61474609375
0.5146484375
0.421142578125
0.411865234375
0.56640625
0.435791015625
0.45166015625
0.387451171875
0.480224609375
0.4375
0.373779296875
0.55615234375
0.458740234375
0.492919921875
0.437255859375
0.412841796875
0.4931640625
0.456298828125
0.422607421875
0.382568359375
0.492431640625
0.44921875
0.372802734375
0.44775390625
0.494873046875
0.4013671875
0.387939453125
0.509765625
0.50634765625
0.373291015625
0.40625
0.38818359375
0.42138671875
0.37841796875
0.388427734375
0.37060546875
0.484130859375
0.4345703125
0.45556640625
0.411376953125
0.49658203125
0.357177734375
0.4365234375
0.449951171875
0.394775390625
0.36181640625
0.397216796875
0.384521484375
0.49462890625
0.310546875
0.359130859375
0.328125
0.41845703125
0.4013671875
0.55615234375
0.451171875
0.39111328125
0.482177734375
0.455810546875
0.39404296875
0.483154296875
0.45654296875
0.4287109375
0.4853515625
0.3486328125
0.427001953125
0.4150390625
0.4287109375
0.3505859375
0.46875
0.5263671875
0.455078125
0.410888671875
0.495361328125
0.466796875
0.399169921875
0.467529296875
0.431396484375
0.484375
0.440185546875
0.4140625
0.465576171875
0.394775390625
0.4150390625
0.384765625
0.37109375
0.55029296875
0.471435546875
0.53369140625
0.407470703125
0.41064453125
0.427001953125
0.493408203125
0.39306640625
0.46630859375
0.45458984375
0.3935546875
0.37255859375
0.461181640625
0.399658203125
0.4833984375
0.36767578125
0.474853515625
0.432861328125
0.505859375
0.45458984375
0.35498046875
0.4248046875
0.477783203125
0.5126953125
0.46142578125
0.4052734375
0.3525390625
0.44189453125
0.342041015625
0.3974609375
0.39794921875
0.436279296875
0.340576171875
0.399169921875
0.43310546875
0.46435546875
0.438232421875
0.341796875
0.466796875
0.396240234375
0.3779296875
0.480712890625
0.448486328125
0.4326171875
0.46630859375
0.4013671875
0.38330078125
0.369873046875
0.54833984375
0.48828125
0.386474609375
0.47021484375
0.429931640625
0.486572265625
0.392333984375
0.42041015625
0.42333984375
0.416748046875
0.51416015625
0.433837890625
0.39404296875
0.4462890625
0.430908203125
0.460693359375
0.489501953125
0.48193359375
0.429931640625
0.47412109375
0.406494140625
0.413818359375
0.416015625
0.48046875
0.498779296875
0.440673828125
0.419677734375
0.37890625
0.36474609375
0.39013671875
0.392578125
0.4541015625
0.54443359375
0.326904296875
0.47412109375
0.410888671875
0.39306640625
0.39599609375
0.458984375
0.4638671875
0.44970703125
0.4638671875
0.451416015625
0.43701171875
0.413818359375
0.378662109375
0.4443359375
0.380615234375
0.44140625
0.392333984375
0.481689453125
0.48046875
0.456787109375
0.400146484375
0.46630859375
0.481689453125
0.541015625
0.3388671875
0.392578125
0.362548828125
0.454833984375
0.387939453125
0.470947265625
0.43017578125
0.4375
0.4130859375
0.4287109375
0.37744140625
0.43408203125
0.464599609375
0.400390625
0.4638671875
0.48486328125
0.443359375
0.369873046875
0.4013671875
0.48486328125
0.384765625
0.501953125
0.427001953125
0.476318359375
0.388671875
0.4736328125
0.4541015625
0.445068359375
0.38525390625
0.336181640625
0.447998046875
0.342041015625
0.397705078125
0.3623046875
0.4677734375
0.395263671875
0.379638671875
0.404541015625
0.472900390625
0.52294921875
0.50048828125
0.42822265625
0.44580078125
0.451171875
0.434326171875
0.47509765625
0.3857421875
0.492431640625
0.380126953125
0.396484375
0.46044921875
0.50244140625
0.418212890625
0.388427734375
0.443359375
0.473388671875
0.384033203125
0.4736328125
0.437744140625
0.435546875
0.38134765625
0.4619140625
0.4462890625
0.50830078125
0.35205078125
0.421630859375
0.382568359375
0.493408203125
0.455322265625
0.39404296875
0.483154296875
0.4267578125
0.43017578125
0.42431640625
0.369384765625
0.466064453125
0.39306640625
0.42626953125
0.5
0.427001953125
0.319580078125
0.373046875
0.42724609375
0.361572265625
0.47607421875
0.396240234375
0.41552734375
0.440185546875
0.41357421875
0.44970703125
0.43310546875
0.51513671875
0.390869140625
0.541015625
0.51318359375
0.347412109375
0.393310546875
0.3935546875
0.5029296875
0.450927734375
0.34228515625
0.441650390625
0.33935546875
0.35791015625
0.42822265625
0.46142578125
0.447265625
0.470947265625
0.393310546875
0.45703125
0.38818359375
0.37841796875
0.44482421875
0.390625
0.452392578125
0.49072265625
0.52099609375
0.470458984375
0.385009765625
0.36962890625
0.438232421875
0.418701171875
0.455810546875
0.384765625
0.423095703125
0.447998046875
0.474853515625
0.400634765625
0.307861328125
0.462646484375
0.4072265625
0.54638671875
0.47802734375
0.5556640625
0.48779296875
0.400390625
0.360595703125
0.367919921875
0.33251953125
0.40234375
0.358154296875
0.37255859375
0.47509765625
0.438232421875
0.345947265625
0.49072265625
0.3720703125
0.4287109375
0.34423828125
0.470458984375
0.41455078125
0.43212890625
0.34619140625
0.37255859375
0.39208984375
0.440185546875
0.3330078125
0.35888671875
0.431396484375
0.422119140625
0.326904296875
0.4853515625
0.377197265625
0.46240234375
0.46533203125
0.39306640625
0.38427734375
0.55517578125
0.43310546875
0.310302734375
0.355224609375
0.41259765625
0.373779296875
0.348876953125
0.4765625
0.4560546875
0.36181640625
0.40966796875
0.39599609375
0.4853515625
0.366943359375
0.50830078125
0.39208984375
0.344482421875
0.38330078125
0.322998046875
0.403076171875
0.37890625
0.35009765625
0.40185546875
0.365478515625
0.353515625
0.343505859375
0.39599609375
0.46240234375
0.374267578125
0.342529296875
0.38232421875
0.416748046875
0.345703125
0.45654296875
0.359375
0.3916015625
0.427490234375
0.406982421875
0.46923828125
0.497802734375
0.352294921875
0.355712890625
0.392333984375
0.382568359375
0.351806640625
0.385009765625
0.3427734375
0.395263671875
0.41796875
0.51416015625
0.469482421875
0.44677734375
0.473876953125
0.4287109375
0.333251953125
0.515625
0.279541015625
0.4404296875
0.349609375
0.370361328125
0.494384765625
0.391357421875
0.34423828125
0.3759765625
0.404052734375
0.44287109375
0.42041015625
0.392333984375
0.40966796875
0.462890625
0.419677734375
0.36474609375
0.439453125
0.361328125
0.40966796875
0.40673828125
0.36572265625
0.4365234375
0.42822265625
0.472412109375
0.477294921875
0.47412109375
0.38916015625
0.389892578125
0.366455078125
0.489013671875
0.476806640625
0.345703125
0.52197265625
0.42919921875
0.46240234375
0.373291015625
0.415771484375
0.425537109375
0.440673828125
0.34912109375
0.378173828125
0.424560546875
0.3896484375
0.392822265625
0.50390625
0.402099609375
0.51025390625
0.396484375
0.390869140625
0.4296875
0.4765625
0.3603515625
0.4375
0.442626953125
0.419921875
0.368896484375
0.34033203125
0.385986328125
0.44482421875
0.4814453125
0.419677734375
0.33837890625
0.429443359375
0.437255859375
0.345947265625
0.3984375
0.4189453125
0.345947265625
0.33837890625
0.436767578125
0.446044921875
0.373046875
0.483154296875
0.425537109375
0.37158203125
0.3876953125
0.40185546875
0.468017578125
0.38037109375
0.406005859375
0.3515625
0.3662109375
0.421875
0.300048828125
0.336181640625
0.49072265625
0.388671875
0.357666015625
0.42724609375
0.46923828125
0.35595703125
0.37841796875
0.355712890625
0.420654296875
0.39306640625
0.366943359375
0.368408203125
0.421142578125
0.451171875
0.480712890625
0.35302734375
0.420654296875
0.339111328125
0.40234375
0.48681640625
0.443603515625
0.3662109375
0.4296875
0.492431640625
0.421875
0.423583984375
0.366455078125
0.39892578125
0.33056640625
0.391845703125
0.37646484375
0.3642578125
0.33056640625
0.33740234375
0.369384765625
0.338623046875
0.41259765625
0.367919921875
0.25244140625
0.467041015625
0.45361328125
0.483154296875
0.4599609375
0.3876953125
0.373779296875
0.407958984375
0.45703125
0.48876953125
0.361083984375
0.435546875
0.3759765625
0.388671875
0.37646484375
0.435546875
0.35400390625
0.3994140625
0.55859375
0.346923828125
0.369873046875
0.447265625
0.304931640625
0.41015625
0.384521484375
0.471923828125
0.463134765625
0.443603515625
0.458984375
0.3095703125
0.36083984375
0.378173828125
0.451904296875
0.372314453125
0.447509765625
0.44580078125
0.35498046875
0.428955078125
0.3798828125
0.443115234375
0.3173828125
0.42138671875
0.45556640625
0.3984375
0.3134765625
0.46142578125
0.44775390625
0.4013671875
0.370361328125
0.435791015625
0.35498046875
0.390869140625
0.40478515625
0.37060546875
0.41943359375
0.44970703125
0.392822265625
0.383056640625
0.4423828125
0.41162109375
0.45263671875
0.408935546875
0.369384765625
0.41015625
0.414306640625
0.392822265625
0.3828125
0.4111328125
0.435791015625
0.416015625
0.400146484375
0.398193359375
0.4013671875
0.385009765625
0.37255859375
0.337158203125
0.467041015625
0.357666015625
0.386962890625
0.434326171875
0.455078125
0.3671875
0.384521484375
0.388427734375
0.4052734375
0.54248046875
0.5166015625
0.47802734375
0.461181640625
0.322021484375
0.49658203125
0.389892578125
0.470458984375
0.343994140625
0.391357421875
0.287109375
0.333251953125
0.40478515625
0.391845703125
