37.375
36.09375
31.40625
29.234375
27.5
25.484375
22.28125
19.75
15.7578125
13.734375
10.359375
8.03125
7.33203125
6.421875
5.25390625
4.69140625
4.234375
4.109375
3.8125
3.357421875
3.087890625
2.478515625
2.255859375
1.890625
1.7529296875
1.66015625
1.3798828125
1.40625
1.1943359375
1.20703125
1.154296875
0.9775390625
1.048828125
0.93359375
0.92431640625
0.916015625
0.8974609375
1.0
0.88330078125
0.93359375
1.025390625
0.8984375
0.94580078125
0.89794921875
0.8857421875
0.9169921875
0.9033203125
0.732421875
0.85009765625
0.7509765625
0.712890625
0.8681640625
1.0517578125
0.78759765625
0.7158203125
0.748046875
0.763671875
0.8251953125
0.64794921875
0.78515625
0.744140625
0.72802734375
0.705078125
0.65234375
0.6318359375
0.56689453125
0.619140625
0.6083984375
0.75732421875
0.5654296875
0.68310546875
0.65380859375
0.69384765625
0.662109375
0.66455078125
0.67822265625
0.890625
0.61865234375
0.64599609375
0.5693359375
0.90478515625
0.833984375
0.63232421875
0.72802734375
0.73388671875
0.70556640625
0.6533203125
0.57568359375
0.68017578125
0.62060546875
0.58544921875
0.7197265625
0.60791015625
0.607421875
0.6728515625
0.57080078125
0.6806640625
0.6337890625
0.64453125
0.71435546875
0.7509765625
0.5478515625
0.58984375
0.51416015625
0.61328125
0.6376953125
0.533203125
0.5439453125
0.47509765625
0.56005859375
0.537109375
0.61083984375
0.5966796875
0.462890625
0.57177734375
0.61376953125
0.56982421875
0.623046875
0.583984375
0.654296875
0.5673828125
0.48974609375
0.57958984375
0.6259765625
0.54248046875
0.46044921875
0.5703125
0.5068359375
0.48193359375
0.517578125
0.50146484375
0.485107421875
0.46533203125
0.55029296875
0.479248046875
0.53662109375
0.494140625
0.4990234375
0.53125
0.454345703125
0.492919921875
0.51513671875
0.55615234375
0.54931640625
0.459716796875
0.46044921875
0.5234375
0.44140625
0.49853515625
0.347412109375
0.483154296875
0.5751953125
0.45849609375
0.4912109375
0.50927734375
0.425048828125
0.429443359375
0.54296875
0.499267578125
0.6435546875
0.515625
0.431640625
0.38427734375
0.55859375
0.465576171875
0.458740234375
0.46240234375
0.4404296875
0.46484375
0.52001953125
0.473388671875
0.43994140625
0.47802734375
0.413330078125
0.5185546875
0.46337890625
0.53759765625
0.465087890625
0.4638671875
0.5068359375
0.41455078125
0.47216796875
0.46337890625
0.49658203125
0.458251953125
0.55126953125
0.568359375
0.49951171875
0.58740234375
0.3642578125
0.43994140625
0.398681640625
0.401611328125
0.51806640625
0.407958984375
0.521484375
0.439208984375
0.4296875
0.49462890625
0.35791015625
0.49365234375
0.39453125
0.4423828125
0.471923828125
0.44140625
0.327880859375
0.40966796875
0.39892578125
0.340087890625
0.49853515625
0.423095703125
0.453125
0.423095703125
0.458740234375
0.42822265625
0.416259765625
0.548828125
0.4853515625
0.39794921875
0.420654296875
0.39697265625
0.41357421875
0.4287109375
0.475341796875
0.39013671875
0.45556640625
0.472412109375
0.4013671875
0.53564453125
0.486083984375
0.5400390625
0.478515625
0.4423828125
0.4755859375
0.375
0.37939453125
0.51611328125
0.50537109375
0.40478515625
0.4619140625
0.434326171875
0.4052734375
0.483642578125
0.48486328125
0.405517578125
0.448974609375
0.44921875
0.580078125
0.4765625
0.372802734375
0.4287109375
0.416259765625
0.4189453125
0.384521484375
0.40576171875
0.44921875
0.44677734375
0.48046875
0.48974609375
0.38037109375
0.48779296875
0.3916015625
0.489013671875
0.49853515625
0.420654296875
0.387451171875
0.455810546875
0.4375
0.41259765625
0.3681640625
0.2998046875
0.487548828125
0.358154296875
0.35693359375
0.392333984375
0.43798828125
0.5888671875
0.475830078125
0.32177734375
0.43017578125
0.546875
0.36865234375
0.3203125
0.422119140625
0.46533203125
0.375244140625
0.43212890625
0.42529296875
0.423583984375
0.5185546875
0.436279296875
0.57666015625
0.389404296875
0.40185546875
0.30517578125
0.431396484375
0.386962890625
0.4013671875
0.44384765625
0.33984375
0.403076171875
0.398193359375
0.382568359375
0.334228515625
0.406494140625
0.3896484375
0.395263671875
0.414794921875
0.3544921875
0.444580078125
0.417724609375
0.45751953125
0.290283203125
0.333251953125
0.390869140625
0.409423828125
0.374267578125
0.39404296875
0.4677734375
0.42138671875
0.396240234375
0.45166015625
0.354248046875
0.4287109375
0.364013671875
0.4072265625
0.353271484375
0.39990234375
0.408447265625
0.474609375
0.42138671875
0.36669921875
0.46533203125
0.31005859375
0.380859375
0.34814453125
0.2939453125
0.3896484375
0.5009765625
0.42236328125
0.430908203125
0.378173828125
0.48974609375
0.38916015625
0.373291015625
0.409912109375
0.38037109375
0.439208984375
0.284912109375
0.349365234375
0.455078125
0.43994140625
0.465087890625
0.43701171875
0.34130859375
0.3681640625
0.3076171875
0.29931640625
0.38330078125
0.3466796875
0.37841796875
0.377197265625
0.311279296875
0.4140625
0.38671875
0.365234375
0.411376953125
0.3603515625
0.42919921875
0.33935546875
0.345947265625
0.371826171875
0.380126953125
0.42236328125
0.426025390625
0.31103515625
0.490478515625
0.441162109375
0.33544921875
0.396240234375
0.349609375
0.378173828125
0.34912109375
0.437744140625
0.358154296875
0.45556640625
0.38330078125
0.3232421875
0.333740234375
0.375
0.421875
0.283203125
0.340087890625
0.332275390625
0.3505859375
0.482421875
0.3544921875
0.491943359375
0.43359375
0.322998046875
0.3642578125
0.409912109375
0.39306640625
0.409423828125
0.337890625
0.323974609375
0.2841796875
0.4248046875
0.400634765625
0.407958984375
0.360107421875
0.2802734375
0.416748046875
0.41259765625
0.323974609375
0.38818359375
0.42236328125
0.348876953125
0.369140625
0.43310546875
0.449951171875
0.35986328125
0.40625
0.2998046875
0.32861328125
0.283203125
0.36328125
0.4609375
0.37841796875
0.344482421875
0.37646484375
0.417724609375
0.327880859375
0.258544921875
0.330078125
0.2822265625
0.349609375
0.40576171875
0.365234375
0.38671875
0.396240234375
0.386962890625
0.46630859375
0.373779296875
0.38427734375
0.264404296875
0.32470703125
0.353515625
0.3544921875
0.330078125
0.383544921875
0.32861328125
0.345703125
0.426513671875
0.39990234375
0.4130859375
0.34619140625
0.31689453125
0.424560546875
0.289306640625
0.343505859375
0.2939453125
0.392333984375
0.34326171875
0.433837890625
0.335693359375
0.33984375
0.34814453125
0.353515625
0.293212890625
0.3916015625
0.423095703125
0.283203125
0.357666015625
0.389892578125
0.32080078125
0.35498046875
0.347900390625
0.350830078125
0.335693359375
0.424072265625
0.376953125
0.378662109375
0.384521484375
0.28955078125
0.35693359375
0.378662109375
0.3857421875
0.38427734375
0.383544921875
0.357177734375
0.36962890625
0.36083984375
0.417236328125
0.351806640625
0.312255859375
0.3828125
0.3232421875
0.3486328125
0.4091796875
